008001.jpg,0,0,0,0
008002.jpg,0,0,0,0
008003.jpg,0,0,0,0
008004.jpg,518,151,585,218
008005.jpg,0,0,0,0
008006.jpg,0,0,0,0
008007.jpg,0,0,0,0
008008.jpg,0,0,0,0
008009.jpg,0,0,0,0
008010.jpg,0,0,0,0
008011.jpg,0,0,0,0
008012.jpg,0,0,0,0
008013.jpg,190,168,353,331
008014.jpg,0,0,0,0
008015.jpg,0,0,0,0
008016.jpg,0,0,0,0
008017.jpg,0,0,0,0
008018.jpg,0,0,0,0
008019.jpg,194,290,253,349
008020.jpg,244,51,584,391
008021.jpg,0,0,0,0
008022.jpg,0,0,0,0
008023.jpg,0,0,0,0
008024.jpg,0,0,0,0
008025.jpg,163,248,277,362
008026.jpg,0,0,0,0
008027.jpg,0,0,0,0
008028.jpg,0,0,0,0
008029.jpg,0,0,0,0
008030.jpg,0,0,0,0
008031.jpg,0,0,0,0
008032.jpg,0,0,0,0
008033.jpg,0,0,0,0
008034.jpg,0,0,0,0
008035.jpg,0,0,0,0
008036.jpg,0,0,0,0
008037.jpg,520,69,727,276
008038.jpg,0,0,0,0
008039.jpg,0,0,0,0
008040.jpg,259,280,342,363
008041.jpg,0,0,0,0
008042.jpg,0,0,0,0
008043.jpg,0,0,0,0
008044.jpg,0,0,0,0
008045.jpg,62,514,272,724
008046.jpg,0,0,0,0
008047.jpg,0,0,0,0
008048.jpg,0,0,0,0
008049.jpg,82,128,124,170
008050.jpg,0,0,0,0
008051.jpg,145,27,174,56
008052.jpg,0,0,0,0
008053.jpg,0,0,0,0
008054.jpg,0,0,0,0
008055.jpg,0,0,0,0
008056.jpg,0,0,0,0
008057.jpg,0,0,0,0
008058.jpg,0,0,0,0
008059.jpg,0,0,0,0
008060.jpg,0,0,0,0
008061.jpg,0,0,0,0
008062.jpg,0,0,0,0
008063.jpg,442,110,617,285
008064.jpg,0,0,0,0
008065.jpg,0,0,0,0
008066.jpg,0,0,0,0
008067.jpg,250,252,304,306
008068.jpg,0,0,0,0
008069.jpg,0,0,0,0
008070.jpg,0,0,0,0
008071.jpg,0,0,0,0
008072.jpg,0,0,0,0
008073.jpg,0,0,0,0
008074.jpg,0,0,0,0
008075.jpg,0,0,0,0
008076.jpg,314,45,384,115
008077.jpg,0,0,0,0
008078.jpg,0,0,0,0
008079.jpg,0,0,0,0
008080.jpg,0,0,0,0
008081.jpg,297,147,422,272
008082.jpg,484,242,553,311
008083.jpg,0,0,0,0
008084.jpg,12,211,44,243
008085.jpg,0,0,0,0
008086.jpg,0,0,0,0
008087.jpg,112,31,205,124
008088.jpg,0,0,0,0
008089.jpg,0,0,0,0
008090.jpg,0,0,0,0
008091.jpg,0,0,0,0
008092.jpg,0,0,0,0
008093.jpg,0,0,0,0
008094.jpg,0,0,0,0
008095.jpg,0,0,0,0
008096.jpg,0,0,0,0
008097.jpg,0,0,0,0
008098.jpg,0,0,0,0
008099.jpg,0,0,0,0
008100.jpg,0,0,0,0
008101.jpg,0,0,0,0
008102.jpg,0,0,0,0
008103.jpg,0,0,0,0
008104.jpg,0,0,0,0
008105.jpg,0,0,0,0
008106.jpg,255,35,670,450
008107.jpg,0,0,0,0
008108.jpg,0,0,0,0
008109.jpg,0,0,0,0
008110.jpg,0,0,0,0
008111.jpg,0,0,0,0
008112.jpg,0,0,0,0
008113.jpg,0,0,0,0
008114.jpg,0,0,0,0
008115.jpg,0,0,0,0
008116.jpg,0,0,0,0
008117.jpg,0,0,0,0
008118.jpg,0,0,0,0
008119.jpg,0,0,0,0
008120.jpg,0,0,0,0
008121.jpg,0,0,0,0
008122.jpg,0,0,0,0
008123.jpg,0,0,0,0
008124.jpg,0,0,0,0
008125.jpg,134,30,266,162
008126.jpg,0,0,0,0
008127.jpg,0,0,0,0
008128.jpg,0,0,0,0
008129.jpg,0,0,0,0
008130.jpg,0,0,0,0
008131.jpg,0,0,0,0
008132.jpg,0,0,0,0
008133.jpg,0,0,0,0
008134.jpg,87,56,196,165
008135.jpg,0,0,0,0
008136.jpg,0,0,0,0
008137.jpg,0,0,0,0
008138.jpg,0,0,0,0
008139.jpg,0,0,0,0
008140.jpg,0,0,0,0
008141.jpg,0,0,0,0
008142.jpg,0,0,0,0
008143.jpg,0,0,0,0
008144.jpg,178,106,361,289
008145.jpg,0,0,0,0
008146.jpg,0,0,0,0
008147.jpg,0,0,0,0
008148.jpg,0,0,0,0
008149.jpg,0,0,0,0
008150.jpg,0,0,0,0
008151.jpg,0,0,0,0
008152.jpg,0,0,0,0
008153.jpg,0,0,0,0
008154.jpg,0,0,0,0
008155.jpg,0,0,0,0
008156.jpg,346,90,639,383
008157.jpg,0,0,0,0
008158.jpg,0,0,0,0
008159.jpg,0,0,0,0
008160.jpg,0,0,0,0
008161.jpg,0,0,0,0
008162.jpg,92,144,118,170
008163.jpg,0,0,0,0
008164.jpg,0,0,0,0
008165.jpg,0,0,0,0
008166.jpg,0,0,0,0
008167.jpg,296,88,363,155
008168.jpg,0,0,0,0
008169.jpg,0,0,0,0
008170.jpg,327,177,410,260
008171.jpg,0,0,0,0
008172.jpg,0,0,0,0
008173.jpg,0,0,0,0
008174.jpg,0,0,0,0
008175.jpg,0,0,0,0
008176.jpg,0,0,0,0
008177.jpg,0,0,0,0
008178.jpg,0,0,0,0
008179.jpg,0,0,0,0
008180.jpg,0,0,0,0
008181.jpg,0,0,0,0
008182.jpg,0,0,0,0
008183.jpg,0,0,0,0
008184.jpg,0,0,0,0
008185.jpg,0,0,0,0
008186.jpg,0,0,0,0
008187.jpg,0,0,0,0
008188.jpg,387,184,507,304
008189.jpg,0,0,0,0
008190.jpg,0,0,0,0
008191.jpg,0,0,0,0
008192.jpg,0,0,0,0
008193.jpg,0,0,0,0
008194.jpg,0,0,0,0
008195.jpg,0,0,0,0
008196.jpg,409,79,571,241
008197.jpg,398,185,472,259
008198.jpg,0,0,0,0
008199.jpg,433,11,771,349
008200.jpg,0,0,0,0
008201.jpg,0,0,0,0
008202.jpg,0,0,0,0
008203.jpg,0,0,0,0
008204.jpg,0,0,0,0
008205.jpg,0,0,0,0
008206.jpg,0,0,0,0
008207.jpg,0,0,0,0
008208.jpg,0,0,0,0
008209.jpg,0,0,0,0
008210.jpg,0,0,0,0
008211.jpg,0,0,0,0
008212.jpg,0,0,0,0
008213.jpg,0,0,0,0
008214.jpg,0,0,0,0
008215.jpg,0,0,0,0
008216.jpg,370,63,774,467
008217.jpg,0,0,0,0
008218.jpg,0,0,0,0
008219.jpg,0,0,0,0
008220.jpg,0,0,0,0
008221.jpg,0,0,0,0
008222.jpg,480,80,625,225
008223.jpg,0,0,0,0
008224.jpg,0,0,0,0
008225.jpg,0,0,0,0
008226.jpg,0,0,0,0
008227.jpg,0,0,0,0
008228.jpg,0,0,0,0
008229.jpg,0,0,0,0
008230.jpg,0,0,0,0
008231.jpg,0,0,0,0
008232.jpg,0,0,0,0
008233.jpg,0,0,0,0
008234.jpg,0,0,0,0
008235.jpg,0,0,0,0
008236.jpg,0,0,0,0
008237.jpg,0,0,0,0
008238.jpg,0,0,0,0
008239.jpg,319,108,463,252
008240.jpg,0,0,0,0
008241.jpg,0,0,0,0
008242.jpg,260,111,409,260
008243.jpg,0,0,0,0
008244.jpg,0,0,0,0
008245.jpg,0,0,0,0
008246.jpg,0,0,0,0
008247.jpg,0,0,0,0
008248.jpg,0,0,0,0
008249.jpg,0,0,0,0
008250.jpg,0,0,0,0
008251.jpg,0,0,0,0
008252.jpg,0,0,0,0
008253.jpg,0,0,0,0
008254.jpg,0,0,0,0
008255.jpg,0,0,0,0
008256.jpg,0,0,0,0
008257.jpg,0,0,0,0
008258.jpg,0,0,0,0
008259.jpg,0,0,0,0
008260.jpg,84,35,142,93
008261.jpg,0,0,0,0
008262.jpg,34,151,354,471
008263.jpg,0,0,0,0
008264.jpg,0,0,0,0
008265.jpg,330,139,614,423
008266.jpg,0,0,0,0
008267.jpg,0,0,0,0
008268.jpg,0,0,0,0
008269.jpg,881,252,1095,466
008270.jpg,0,0,0,0
008271.jpg,0,0,0,0
008272.jpg,0,0,0,0
008273.jpg,203,155,259,211
008274.jpg,372,90,467,185
008275.jpg,0,0,0,0
008276.jpg,0,0,0,0
008277.jpg,0,0,0,0
008278.jpg,0,0,0,0
008279.jpg,0,0,0,0
008280.jpg,0,0,0,0
008281.jpg,0,0,0,0
008282.jpg,0,0,0,0
008283.jpg,0,0,0,0
008284.jpg,0,0,0,0
008285.jpg,0,0,0,0
008286.jpg,0,0,0,0
008287.jpg,0,0,0,0
008288.jpg,0,0,0,0
008289.jpg,174,75,233,134
008290.jpg,0,0,0,0
008291.jpg,0,0,0,0
008292.jpg,0,0,0,0
008293.jpg,0,0,0,0
008294.jpg,0,0,0,0
008295.jpg,0,0,0,0
008296.jpg,0,0,0,0
008297.jpg,0,0,0,0
008298.jpg,0,0,0,0
008299.jpg,0,0,0,0
008300.jpg,0,0,0,0
008301.jpg,0,0,0,0
008302.jpg,0,0,0,0
008303.jpg,0,0,0,0
008304.jpg,0,0,0,0
008305.jpg,0,0,0,0
008306.jpg,0,0,0,0
008307.jpg,0,0,0,0
008308.jpg,0,0,0,0
008309.jpg,0,0,0,0
008310.jpg,0,0,0,0
008311.jpg,0,0,0,0
008312.jpg,0,0,0,0
008313.jpg,0,0,0,0
008314.jpg,0,0,0,0
008315.jpg,0,0,0,0
008316.jpg,0,0,0,0
008317.jpg,0,0,0,0
008318.jpg,0,0,0,0
008319.jpg,0,0,0,0
008320.jpg,0,0,0,0
008321.jpg,0,0,0,0
008322.jpg,0,0,0,0
008323.jpg,0,0,0,0
008324.jpg,0,0,0,0
008325.jpg,49,139,277,367
008326.jpg,0,0,0,0
008327.jpg,0,0,0,0
008328.jpg,205,91,406,292
008329.jpg,0,0,0,0
008330.jpg,0,0,0,0
008331.jpg,0,0,0,0
008332.jpg,0,0,0,0
008333.jpg,0,0,0,0
008334.jpg,0,0,0,0
008335.jpg,390,142,643,395
008336.jpg,0,0,0,0
008337.jpg,0,0,0,0
008338.jpg,0,0,0,0
008339.jpg,0,0,0,0
008340.jpg,0,0,0,0
008341.jpg,0,0,0,0
008342.jpg,0,0,0,0
008343.jpg,56,262,295,501
008344.jpg,270,113,485,328
008345.jpg,0,0,0,0
008346.jpg,0,0,0,0
008347.jpg,0,0,0,0
008348.jpg,0,0,0,0
008349.jpg,0,0,0,0
008350.jpg,0,0,0,0
008351.jpg,0,0,0,0
008352.jpg,0,0,0,0
008353.jpg,0,0,0,0
008354.jpg,0,0,0,0
008355.jpg,0,0,0,0
008356.jpg,0,0,0,0
008357.jpg,0,0,0,0
008358.jpg,0,0,0,0
008359.jpg,0,0,0,0
008360.jpg,531,143,856,468
008361.jpg,169,42,339,212
008362.jpg,0,0,0,0
008363.jpg,0,0,0,0
008364.jpg,0,0,0,0
008365.jpg,0,0,0,0
008366.jpg,0,0,0,0
008367.jpg,0,0,0,0
008368.jpg,0,0,0,0
008369.jpg,0,0,0,0
008370.jpg,0,0,0,0
008371.jpg,394,210,931,747
008372.jpg,0,0,0,0
008373.jpg,0,0,0,0
008374.jpg,0,0,0,0
008375.jpg,0,0,0,0
008376.jpg,473,187,537,251
008377.jpg,509,104,756,351
008378.jpg,0,0,0,0
008379.jpg,0,0,0,0
008380.jpg,0,0,0,0
008381.jpg,0,0,0,0
008382.jpg,0,0,0,0
008383.jpg,170,67,534,431
008384.jpg,378,84,440,146
008385.jpg,0,0,0,0
008386.jpg,0,0,0,0
008387.jpg,0,0,0,0
008388.jpg,379,586,436,643
008389.jpg,0,0,0,0
008390.jpg,0,0,0,0
008391.jpg,0,0,0,0
008392.jpg,0,0,0,0
008393.jpg,298,220,407,329
008394.jpg,0,0,0,0
008395.jpg,0,0,0,0
008396.jpg,0,0,0,0
008397.jpg,0,0,0,0
008398.jpg,0,0,0,0
008399.jpg,0,0,0,0
008400.jpg,0,0,0,0
008401.jpg,0,0,0,0
008402.jpg,338,108,526,296
008403.jpg,0,0,0,0
008404.jpg,0,0,0,0
008405.jpg,0,0,0,0
008406.jpg,0,0,0,0
008407.jpg,0,0,0,0
008408.jpg,243,12,619,388
008409.jpg,0,0,0,0
008410.jpg,0,0,0,0
008411.jpg,0,0,0,0
008412.jpg,0,0,0,0
008413.jpg,239,57,462,280
008414.jpg,0,0,0,0
008415.jpg,0,0,0,0
008416.jpg,0,0,0,0
008417.jpg,0,0,0,0
008418.jpg,0,0,0,0
008419.jpg,0,0,0,0
008420.jpg,0,0,0,0
008421.jpg,0,0,0,0
008422.jpg,0,0,0,0
008423.jpg,0,0,0,0
008424.jpg,0,0,0,0
008425.jpg,0,0,0,0
008426.jpg,0,0,0,0
008427.jpg,311,28,402,119
008428.jpg,0,0,0,0
008429.jpg,0,0,0,0
008430.jpg,0,0,0,0
008431.jpg,84,89,132,137
008432.jpg,0,0,0,0
008433.jpg,0,0,0,0
008434.jpg,0,0,0,0
008435.jpg,0,0,0,0
008436.jpg,0,0,0,0
008437.jpg,243,90,449,296
008438.jpg,0,0,0,0
008439.jpg,488,183,584,279
008440.jpg,0,0,0,0
008441.jpg,0,0,0,0
008442.jpg,0,0,0,0
008443.jpg,0,0,0,0
008444.jpg,0,0,0,0
008445.jpg,0,0,0,0
008446.jpg,0,0,0,0
008447.jpg,0,0,0,0
008448.jpg,0,0,0,0
008449.jpg,0,0,0,0
008450.jpg,0,0,0,0
008451.jpg,0,0,0,0
008452.jpg,0,0,0,0
008453.jpg,0,0,0,0
008454.jpg,0,0,0,0
008455.jpg,0,0,0,0
008456.jpg,0,0,0,0
008457.jpg,0,0,0,0
008458.jpg,0,0,0,0
008459.jpg,0,0,0,0
008460.jpg,0,0,0,0
008461.jpg,0,0,0,0
008462.jpg,432,108,658,334
008463.jpg,0,0,0,0
008464.jpg,211,70,295,154
008465.jpg,0,0,0,0
008466.jpg,0,0,0,0
008467.jpg,0,0,0,0
008468.jpg,0,0,0,0
008469.jpg,0,0,0,0
008470.jpg,0,0,0,0
008471.jpg,0,0,0,0
008472.jpg,0,0,0,0
008473.jpg,0,0,0,0
008474.jpg,0,0,0,0
008475.jpg,0,0,0,0
008476.jpg,0,0,0,0
008477.jpg,0,0,0,0
008478.jpg,212,121,522,431
008479.jpg,0,0,0,0
008480.jpg,0,0,0,0
008481.jpg,0,0,0,0
008482.jpg,0,0,0,0
008483.jpg,0,0,0,0
008484.jpg,0,0,0,0
008485.jpg,0,0,0,0
008486.jpg,0,0,0,0
008487.jpg,0,0,0,0
008488.jpg,0,0,0,0
008489.jpg,0,0,0,0
008490.jpg,110,104,291,285
008491.jpg,0,0,0,0
008492.jpg,0,0,0,0
008493.jpg,0,0,0,0
008494.jpg,0,0,0,0
008495.jpg,0,0,0,0
008496.jpg,0,0,0,0
008497.jpg,0,0,0,0
008498.jpg,0,0,0,0
008499.jpg,0,0,0,0
008500.jpg,0,0,0,0
008501.jpg,0,0,0,0
008502.jpg,0,0,0,0
008503.jpg,0,0,0,0
008504.jpg,0,0,0,0
008505.jpg,0,0,0,0
008506.jpg,0,0,0,0
008507.jpg,549,164,738,353
008508.jpg,0,0,0,0
008509.jpg,0,0,0,0
008510.jpg,0,0,0,0
008511.jpg,234,57,385,208
008512.jpg,0,0,0,0
008513.jpg,169,330,239,400
008514.jpg,0,0,0,0
008515.jpg,0,0,0,0
008516.jpg,0,0,0,0
008517.jpg,0,0,0,0
008518.jpg,0,0,0,0
008519.jpg,0,0,0,0
008520.jpg,0,0,0,0
008521.jpg,0,0,0,0
008522.jpg,0,0,0,0
008523.jpg,0,0,0,0
008524.jpg,132,69,266,203
008525.jpg,0,0,0,0
008526.jpg,0,0,0,0
008527.jpg,0,0,0,0
008528.jpg,0,0,0,0
008529.jpg,325,134,569,378
008530.jpg,0,0,0,0
008531.jpg,0,0,0,0
008532.jpg,0,0,0,0
008533.jpg,0,0,0,0
008534.jpg,110,26,248,164
008535.jpg,0,0,0,0
008536.jpg,0,0,0,0
008537.jpg,0,0,0,0
008538.jpg,0,0,0,0
008539.jpg,0,0,0,0
008540.jpg,0,0,0,0
008541.jpg,0,0,0,0
008542.jpg,354,234,443,323
008543.jpg,0,0,0,0
008544.jpg,0,0,0,0
008545.jpg,0,0,0,0
008546.jpg,0,0,0,0
008547.jpg,0,0,0,0
008548.jpg,0,0,0,0
008549.jpg,0,0,0,0
008550.jpg,0,0,0,0
008551.jpg,0,0,0,0
008552.jpg,0,0,0,0
008553.jpg,0,0,0,0
008554.jpg,40,80,258,298
008555.jpg,0,0,0,0
008556.jpg,352,136,557,341
008557.jpg,0,0,0,0
008558.jpg,0,0,0,0
008559.jpg,0,0,0,0
008560.jpg,10,124,90,204
008561.jpg,0,0,0,0
008562.jpg,0,0,0,0
008563.jpg,204,88,509,393
008564.jpg,0,0,0,0
008565.jpg,0,0,0,0
008566.jpg,0,0,0,0
008567.jpg,0,0,0,0
008568.jpg,0,0,0,0
008569.jpg,0,0,0,0
008570.jpg,0,0,0,0
008571.jpg,289,241,497,449
008572.jpg,0,0,0,0
008573.jpg,0,0,0,0
008574.jpg,0,0,0,0
008575.jpg,0,0,0,0
008576.jpg,0,0,0,0
008577.jpg,0,0,0,0
008578.jpg,0,0,0,0
008579.jpg,0,0,0,0
008580.jpg,0,0,0,0
008581.jpg,0,0,0,0
008582.jpg,0,0,0,0
008583.jpg,0,0,0,0
008584.jpg,0,0,0,0
008585.jpg,0,0,0,0
008586.jpg,0,0,0,0
008587.jpg,0,0,0,0
008588.jpg,76,110,122,156
008589.jpg,0,0,0,0
008590.jpg,0,0,0,0
008591.jpg,0,0,0,0
008592.jpg,0,0,0,0
008593.jpg,0,0,0,0
008594.jpg,0,0,0,0
008595.jpg,0,0,0,0
008596.jpg,0,0,0,0
008597.jpg,0,0,0,0
008598.jpg,0,0,0,0
008599.jpg,0,0,0,0
008600.jpg,0,0,0,0
008601.jpg,0,0,0,0
008602.jpg,0,0,0,0
008603.jpg,0,0,0,0
008604.jpg,0,0,0,0
008605.jpg,0,0,0,0
008606.jpg,0,0,0,0
008607.jpg,0,0,0,0
008608.jpg,409,24,678,293
008609.jpg,0,0,0,0
008610.jpg,0,0,0,0
008611.jpg,0,0,0,0
008612.jpg,198,195,429,426
008613.jpg,639,287,741,389
008614.jpg,251,83,405,237
008615.jpg,0,0,0,0
008616.jpg,0,0,0,0
008617.jpg,0,0,0,0
008618.jpg,0,0,0,0
008619.jpg,0,0,0,0
008620.jpg,0,0,0,0
008621.jpg,0,0,0,0
008622.jpg,0,0,0,0
008623.jpg,0,0,0,0
008624.jpg,0,0,0,0
008625.jpg,0,0,0,0
008626.jpg,0,0,0,0
008627.jpg,391,112,770,491
008628.jpg,0,0,0,0
008629.jpg,0,0,0,0
008630.jpg,0,0,0,0
008631.jpg,0,0,0,0
008632.jpg,0,0,0,0
008633.jpg,0,0,0,0
008634.jpg,0,0,0,0
008635.jpg,0,0,0,0
008636.jpg,0,0,0,0
008637.jpg,0,0,0,0
008638.jpg,0,0,0,0
008639.jpg,0,0,0,0
008640.jpg,0,0,0,0
008641.jpg,0,0,0,0
008642.jpg,0,0,0,0
008643.jpg,0,0,0,0
008644.jpg,0,0,0,0
008645.jpg,163,44,577,458
008646.jpg,0,0,0,0
008647.jpg,0,0,0,0
008648.jpg,0,0,0,0
008649.jpg,0,0,0,0
008650.jpg,0,0,0,0
008651.jpg,181,137,297,253
008652.jpg,0,0,0,0
008653.jpg,0,0,0,0
008654.jpg,0,0,0,0
008655.jpg,0,0,0,0
008656.jpg,0,0,0,0
008657.jpg,0,0,0,0
008658.jpg,0,0,0,0
008659.jpg,0,0,0,0
008660.jpg,0,0,0,0
008661.jpg,108,271,139,302
008662.jpg,0,0,0,0
008663.jpg,0,0,0,0
008664.jpg,0,0,0,0
008665.jpg,0,0,0,0
008666.jpg,0,0,0,0
008667.jpg,0,0,0,0
008668.jpg,0,0,0,0
008669.jpg,0,0,0,0
008670.jpg,0,0,0,0
008671.jpg,0,0,0,0
008672.jpg,0,0,0,0
008673.jpg,0,0,0,0
008674.jpg,0,0,0,0
008675.jpg,0,0,0,0
008676.jpg,0,0,0,0
008677.jpg,0,0,0,0
008678.jpg,0,0,0,0
008679.jpg,0,0,0,0
008680.jpg,0,0,0,0
008681.jpg,0,0,0,0
008682.jpg,0,0,0,0
008683.jpg,0,0,0,0
008684.jpg,0,0,0,0
008685.jpg,0,0,0,0
008686.jpg,0,0,0,0
008687.jpg,0,0,0,0
008688.jpg,0,0,0,0
008689.jpg,0,0,0,0
008690.jpg,0,0,0,0
008691.jpg,651,105,686,140
008692.jpg,331,86,642,397
008693.jpg,0,0,0,0
008694.jpg,0,0,0,0
008695.jpg,0,0,0,0
008696.jpg,0,0,0,0
008697.jpg,0,0,0,0
008698.jpg,0,0,0,0
008699.jpg,0,0,0,0
008700.jpg,0,0,0,0
008701.jpg,0,0,0,0
008702.jpg,0,0,0,0
008703.jpg,0,0,0,0
008704.jpg,0,0,0,0
008705.jpg,69,16,211,158
008706.jpg,0,0,0,0
008707.jpg,63,61,206,204
008708.jpg,0,0,0,0
008709.jpg,0,0,0,0
008710.jpg,0,0,0,0
008711.jpg,0,0,0,0
008712.jpg,0,0,0,0
008713.jpg,0,0,0,0
008714.jpg,0,0,0,0
008715.jpg,0,0,0,0
008716.jpg,0,0,0,0
008717.jpg,0,0,0,0
008718.jpg,0,0,0,0
008719.jpg,0,0,0,0
008720.jpg,0,0,0,0
008721.jpg,0,0,0,0
008722.jpg,0,0,0,0
008723.jpg,0,0,0,0
008724.jpg,0,0,0,0
008725.jpg,0,0,0,0
008726.jpg,0,0,0,0
008727.jpg,0,0,0,0
008728.jpg,0,0,0,0
008729.jpg,0,0,0,0
008730.jpg,0,0,0,0
008731.jpg,0,0,0,0
008732.jpg,0,0,0,0
008733.jpg,0,0,0,0
008734.jpg,181,122,468,409
008735.jpg,303,89,576,362
008736.jpg,0,0,0,0
008737.jpg,0,0,0,0
008738.jpg,0,0,0,0
008739.jpg,0,0,0,0
008740.jpg,0,0,0,0
008741.jpg,0,0,0,0
008742.jpg,0,0,0,0
008743.jpg,0,0,0,0
008744.jpg,0,0,0,0
008745.jpg,0,0,0,0
008746.jpg,0,0,0,0
008747.jpg,0,0,0,0
008748.jpg,0,0,0,0
008749.jpg,0,0,0,0
008750.jpg,243,92,532,381
008751.jpg,0,0,0,0
008752.jpg,0,0,0,0
008753.jpg,0,0,0,0
008754.jpg,0,0,0,0
008755.jpg,0,0,0,0
008756.jpg,0,0,0,0
008757.jpg,0,0,0,0
008758.jpg,0,0,0,0
008759.jpg,0,0,0,0
008760.jpg,0,0,0,0
008761.jpg,0,0,0,0
008762.jpg,0,0,0,0
008763.jpg,0,0,0,0
008764.jpg,0,0,0,0
008765.jpg,0,0,0,0
008766.jpg,175,143,349,317
008767.jpg,616,136,693,213
008768.jpg,0,0,0,0
008769.jpg,0,0,0,0
008770.jpg,0,0,0,0
008771.jpg,0,0,0,0
008772.jpg,0,0,0,0
008773.jpg,0,0,0,0
008774.jpg,0,0,0,0
008775.jpg,0,0,0,0
008776.jpg,0,0,0,0
008777.jpg,0,0,0,0
008778.jpg,323,53,417,147
008779.jpg,0,0,0,0
008780.jpg,0,0,0,0
008781.jpg,0,0,0,0
008782.jpg,0,0,0,0
008783.jpg,0,0,0,0
008784.jpg,0,0,0,0
008785.jpg,0,0,0,0
008786.jpg,0,0,0,0
008787.jpg,0,0,0,0
008788.jpg,0,0,0,0
008789.jpg,0,0,0,0
008790.jpg,0,0,0,0
008791.jpg,0,0,0,0
008792.jpg,128,140,216,228
008793.jpg,0,0,0,0
008794.jpg,0,0,0,0
008795.jpg,0,0,0,0
008796.jpg,0,0,0,0
008797.jpg,0,0,0,0
008798.jpg,0,0,0,0
008799.jpg,0,0,0,0
008800.jpg,0,0,0,0
008801.jpg,0,0,0,0
008802.jpg,0,0,0,0
008803.jpg,0,0,0,0
008804.jpg,0,0,0,0
008805.jpg,0,0,0,0
008806.jpg,0,0,0,0
008807.jpg,0,0,0,0
008808.jpg,0,0,0,0
008809.jpg,0,0,0,0
008810.jpg,0,0,0,0
008811.jpg,0,0,0,0
008812.jpg,0,0,0,0
008813.jpg,0,0,0,0
008814.jpg,0,0,0,0
008815.jpg,0,0,0,0
008816.jpg,0,0,0,0
008817.jpg,119,62,263,206
008818.jpg,0,0,0,0
008819.jpg,0,0,0,0
008820.jpg,0,0,0,0
008821.jpg,0,0,0,0
008822.jpg,0,0,0,0
008823.jpg,0,0,0,0
008824.jpg,0,0,0,0
008825.jpg,271,102,324,155
008826.jpg,247,89,462,304
008827.jpg,0,0,0,0
008828.jpg,339,100,475,236
008829.jpg,0,0,0,0
008830.jpg,0,0,0,0
008831.jpg,0,0,0,0
008832.jpg,0,0,0,0
008833.jpg,0,0,0,0
008834.jpg,0,0,0,0
008835.jpg,0,0,0,0
008836.jpg,0,0,0,0
008837.jpg,0,0,0,0
008838.jpg,0,0,0,0
008839.jpg,0,0,0,0
008840.jpg,0,0,0,0
008841.jpg,70,96,311,337
008842.jpg,203,36,487,320
008843.jpg,0,0,0,0
008844.jpg,0,0,0,0
008845.jpg,0,0,0,0
008846.jpg,0,0,0,0
008847.jpg,0,0,0,0
008848.jpg,0,0,0,0
008849.jpg,0,0,0,0
008850.jpg,0,0,0,0
008851.jpg,0,0,0,0
008852.jpg,0,0,0,0
008853.jpg,0,0,0,0
008854.jpg,624,76,703,155
008855.jpg,52,35,155,138
008856.jpg,263,304,336,377
008857.jpg,0,0,0,0
008858.jpg,0,0,0,0
008859.jpg,0,0,0,0
008860.jpg,0,0,0,0
008861.jpg,0,0,0,0
008862.jpg,0,0,0,0
008863.jpg,0,0,0,0
008864.jpg,0,0,0,0
008865.jpg,203,162,297,256
008866.jpg,0,0,0,0
008867.jpg,0,0,0,0
008868.jpg,0,0,0,0
008869.jpg,0,0,0,0
008870.jpg,0,0,0,0
008871.jpg,0,0,0,0
008872.jpg,0,0,0,0
008873.jpg,619,241,705,327
008874.jpg,0,0,0,0
008875.jpg,0,0,0,0
008876.jpg,0,0,0,0
008877.jpg,0,0,0,0
008878.jpg,0,0,0,0
008879.jpg,136,103,276,243
008880.jpg,0,0,0,0
008881.jpg,460,177,531,248
008882.jpg,0,0,0,0
008883.jpg,0,0,0,0
008884.jpg,0,0,0,0
008885.jpg,0,0,0,0
008886.jpg,0,0,0,0
008887.jpg,0,0,0,0
008888.jpg,0,0,0,0
008889.jpg,0,0,0,0
008890.jpg,643,322,697,376
008891.jpg,0,0,0,0
008892.jpg,0,0,0,0
008893.jpg,0,0,0,0
008894.jpg,0,0,0,0
008895.jpg,0,0,0,0
008896.jpg,552,114,620,182
008897.jpg,0,0,0,0
008898.jpg,0,0,0,0
008899.jpg,0,0,0,0
008900.jpg,0,0,0,0
008901.jpg,0,0,0,0
008902.jpg,0,0,0,0
008903.jpg,74,174,337,437
008904.jpg,0,0,0,0
008905.jpg,0,0,0,0
008906.jpg,0,0,0,0
008907.jpg,247,148,298,199
008908.jpg,0,0,0,0
008909.jpg,0,0,0,0
008910.jpg,299,21,356,78
008911.jpg,0,0,0,0
008912.jpg,425,174,616,365
008913.jpg,0,0,0,0
008914.jpg,0,0,0,0
008915.jpg,0,0,0,0
008916.jpg,96,75,322,301
008917.jpg,0,0,0,0
008918.jpg,0,0,0,0
008919.jpg,0,0,0,0
008920.jpg,0,0,0,0
008921.jpg,0,0,0,0
008922.jpg,0,0,0,0
008923.jpg,0,0,0,0
008924.jpg,183,30,630,477
008925.jpg,0,0,0,0
008926.jpg,0,0,0,0
008927.jpg,0,0,0,0
008928.jpg,96,87,142,133
008929.jpg,111,79,175,143
008930.jpg,0,0,0,0
008931.jpg,0,0,0,0
008932.jpg,0,0,0,0
008933.jpg,0,0,0,0
008934.jpg,0,0,0,0
008935.jpg,0,0,0,0
008936.jpg,0,0,0,0
008937.jpg,0,0,0,0
008938.jpg,0,0,0,0
008939.jpg,0,0,0,0
008940.jpg,0,0,0,0
008941.jpg,0,0,0,0
008942.jpg,0,0,0,0
008943.jpg,0,0,0,0
008944.jpg,0,0,0,0
008945.jpg,288,98,520,330
008946.jpg,0,0,0,0
008947.jpg,0,0,0,0
008948.jpg,240,226,352,338
008949.jpg,0,0,0,0
008950.jpg,0,0,0,0
008951.jpg,0,0,0,0
008952.jpg,0,0,0,0
008953.jpg,0,0,0,0
008954.jpg,0,0,0,0
008955.jpg,0,0,0,0
008956.jpg,0,0,0,0
008957.jpg,0,0,0,0
008958.jpg,0,0,0,0
008959.jpg,0,0,0,0
008960.jpg,0,0,0,0
008961.jpg,0,0,0,0
008962.jpg,0,0,0,0
008963.jpg,0,0,0,0
008964.jpg,0,0,0,0
008965.jpg,0,0,0,0
008966.jpg,535,168,605,238
008967.jpg,0,0,0,0
008968.jpg,0,0,0,0
008969.jpg,0,0,0,0
008970.jpg,0,0,0,0
008971.jpg,0,0,0,0
008972.jpg,150,18,371,239
008973.jpg,0,0,0,0
008974.jpg,0,0,0,0
008975.jpg,0,0,0,0
008976.jpg,0,0,0,0
008977.jpg,0,0,0,0
008978.jpg,0,0,0,0
008979.jpg,0,0,0,0
008980.jpg,0,0,0,0
008981.jpg,0,0,0,0
008982.jpg,0,0,0,0
008983.jpg,0,0,0,0
008984.jpg,0,0,0,0
008985.jpg,0,0,0,0
008986.jpg,0,0,0,0
008987.jpg,0,0,0,0
008988.jpg,177,172,348,343
008989.jpg,0,0,0,0
008990.jpg,0,0,0,0
008991.jpg,0,0,0,0
008992.jpg,237,406,1125,1294
008993.jpg,0,0,0,0
008994.jpg,0,0,0,0
008995.jpg,0,0,0,0
008996.jpg,252,157,426,331
008997.jpg,0,0,0,0
008998.jpg,0,0,0,0
008999.jpg,0,0,0,0
009000.jpg,0,0,0,0
009001.jpg,0,0,0,0
009002.jpg,0,0,0,0
009003.jpg,0,0,0,0
009004.jpg,0,0,0,0
009005.jpg,0,0,0,0
009006.jpg,0,0,0,0
009007.jpg,363,187,479,303
009008.jpg,0,0,0,0
009009.jpg,0,0,0,0
009010.jpg,0,0,0,0
009011.jpg,0,0,0,0
009012.jpg,0,0,0,0
009013.jpg,0,0,0,0
009014.jpg,0,0,0,0
009015.jpg,0,0,0,0
009016.jpg,0,0,0,0
009017.jpg,0,0,0,0
009018.jpg,0,0,0,0
009019.jpg,0,0,0,0
009020.jpg,0,0,0,0
009021.jpg,0,0,0,0
009022.jpg,0,0,0,0
009023.jpg,0,0,0,0
009024.jpg,0,0,0,0
009025.jpg,0,0,0,0
009026.jpg,0,0,0,0
009027.jpg,0,0,0,0
009028.jpg,0,0,0,0
009029.jpg,0,0,0,0
009030.jpg,0,0,0,0
009031.jpg,0,0,0,0
009032.jpg,193,158,346,311
009033.jpg,0,0,0,0
009034.jpg,0,0,0,0
009035.jpg,0,0,0,0
009036.jpg,0,0,0,0
009037.jpg,362,79,428,145
009038.jpg,0,0,0,0
009039.jpg,0,0,0,0
009040.jpg,0,0,0,0
009041.jpg,0,0,0,0
009042.jpg,0,0,0,0
009043.jpg,129,70,265,206
009044.jpg,0,0,0,0
009045.jpg,0,0,0,0
009046.jpg,0,0,0,0
009047.jpg,0,0,0,0
009048.jpg,0,0,0,0
009049.jpg,0,0,0,0
009050.jpg,0,0,0,0
009051.jpg,241,135,336,230
009052.jpg,0,0,0,0
009053.jpg,523,180,586,243
009054.jpg,209,35,382,208
009055.jpg,0,0,0,0
009056.jpg,0,0,0,0
009057.jpg,0,0,0,0
009058.jpg,0,0,0,0
009059.jpg,0,0,0,0
009060.jpg,0,0,0,0
009061.jpg,0,0,0,0
009062.jpg,0,0,0,0
009063.jpg,0,0,0,0
009064.jpg,0,0,0,0
009065.jpg,0,0,0,0
009066.jpg,0,0,0,0
009067.jpg,0,0,0,0
009068.jpg,0,0,0,0
009069.jpg,0,0,0,0
009070.jpg,0,0,0,0
009071.jpg,0,0,0,0
009072.jpg,0,0,0,0
009073.jpg,135,91,371,327
009074.jpg,0,0,0,0
009075.jpg,0,0,0,0
009076.jpg,241,5,593,357
009077.jpg,0,0,0,0
009078.jpg,163,86,496,419
009079.jpg,0,0,0,0
009080.jpg,534,264,617,347
009081.jpg,0,0,0,0
009082.jpg,0,0,0,0
009083.jpg,0,0,0,0
009084.jpg,0,0,0,0
009085.jpg,0,0,0,0
009086.jpg,0,0,0,0
009087.jpg,467,143,578,254
009088.jpg,0,0,0,0
009089.jpg,0,0,0,0
009090.jpg,0,0,0,0
009091.jpg,0,0,0,0
009092.jpg,0,0,0,0
009093.jpg,0,0,0,0
009094.jpg,0,0,0,0
009095.jpg,0,0,0,0
009096.jpg,0,0,0,0
009097.jpg,0,0,0,0
009098.jpg,0,0,0,0
009099.jpg,0,0,0,0
009100.jpg,0,0,0,0
009101.jpg,0,0,0,0
009102.jpg,0,0,0,0
009103.jpg,0,0,0,0
009104.jpg,0,0,0,0
009105.jpg,0,0,0,0
009106.jpg,0,0,0,0
009107.jpg,156,156,273,273
009108.jpg,0,0,0,0
009109.jpg,9,239,150,380
009110.jpg,0,0,0,0
009111.jpg,0,0,0,0
009112.jpg,0,0,0,0
009113.jpg,0,0,0,0
009114.jpg,0,0,0,0
009115.jpg,0,0,0,0
009116.jpg,0,0,0,0
009117.jpg,124,111,357,344
009118.jpg,0,0,0,0
009119.jpg,46,111,311,376
009120.jpg,0,0,0,0
009121.jpg,0,0,0,0
009122.jpg,0,0,0,0
009123.jpg,0,0,0,0
009124.jpg,0,0,0,0
009125.jpg,0,0,0,0
009126.jpg,71,91,170,190
009127.jpg,0,0,0,0
009128.jpg,16,158,235,377
009129.jpg,0,0,0,0
009130.jpg,0,0,0,0
009131.jpg,0,0,0,0
009132.jpg,0,0,0,0
009133.jpg,434,347,469,382
009134.jpg,239,180,405,346
009135.jpg,302,67,360,125
009136.jpg,295,81,398,184
009137.jpg,0,0,0,0
009138.jpg,0,0,0,0
009139.jpg,0,0,0,0
009140.jpg,0,0,0,0
009141.jpg,0,0,0,0
009142.jpg,0,0,0,0
009143.jpg,0,0,0,0
009144.jpg,0,0,0,0
009145.jpg,205,9,641,445
009146.jpg,0,0,0,0
009147.jpg,0,0,0,0
009148.jpg,0,0,0,0
009149.jpg,0,0,0,0
009150.jpg,0,0,0,0
009151.jpg,0,0,0,0
009152.jpg,0,0,0,0
009153.jpg,0,0,0,0
009154.jpg,0,0,0,0
009155.jpg,0,0,0,0
009156.jpg,0,0,0,0
009157.jpg,0,0,0,0
009158.jpg,0,0,0,0
009159.jpg,0,0,0,0
009160.jpg,0,0,0,0
009161.jpg,158,111,278,231
009162.jpg,0,0,0,0
009163.jpg,0,0,0,0
009164.jpg,0,0,0,0
009165.jpg,0,0,0,0
009166.jpg,0,0,0,0
009167.jpg,0,0,0,0
009168.jpg,0,0,0,0
009169.jpg,0,0,0,0
009170.jpg,0,0,0,0
009171.jpg,0,0,0,0
009172.jpg,0,0,0,0
009173.jpg,0,0,0,0
009174.jpg,0,0,0,0
009175.jpg,0,0,0,0
009176.jpg,417,110,446,139
009177.jpg,0,0,0,0
009178.jpg,0,0,0,0
009179.jpg,0,0,0,0
009180.jpg,196,199,280,283
009181.jpg,0,0,0,0
009182.jpg,607,105,729,227
009183.jpg,0,0,0,0
009184.jpg,0,0,0,0
009185.jpg,0,0,0,0
009186.jpg,0,0,0,0
009187.jpg,0,0,0,0
009188.jpg,0,0,0,0
009189.jpg,0,0,0,0
009190.jpg,0,0,0,0
009191.jpg,112,60,312,260
009192.jpg,0,0,0,0
009193.jpg,330,36,664,370
009194.jpg,0,0,0,0
009195.jpg,198,119,334,255
009196.jpg,0,0,0,0
009197.jpg,0,0,0,0
009198.jpg,0,0,0,0
009199.jpg,0,0,0,0
009200.jpg,0,0,0,0
009201.jpg,0,0,0,0
009202.jpg,0,0,0,0
009203.jpg,0,0,0,0
009204.jpg,255,204,306,255
009205.jpg,0,0,0,0
009206.jpg,0,0,0,0
009207.jpg,0,0,0,0
009208.jpg,0,0,0,0
009209.jpg,291,104,504,317
009210.jpg,0,0,0,0
009211.jpg,0,0,0,0
009212.jpg,0,0,0,0
009213.jpg,287,139,483,335
009214.jpg,0,0,0,0
009215.jpg,0,0,0,0
009216.jpg,0,0,0,0
009217.jpg,0,0,0,0
009218.jpg,0,0,0,0
009219.jpg,0,0,0,0
009220.jpg,0,0,0,0
009221.jpg,0,0,0,0
009222.jpg,0,0,0,0
009223.jpg,0,0,0,0
009224.jpg,710,154,758,202
009225.jpg,225,195,315,285
009226.jpg,257,125,444,312
009227.jpg,0,0,0,0
009228.jpg,0,0,0,0
009229.jpg,0,0,0,0
009230.jpg,281,149,426,294
009231.jpg,0,0,0,0
009232.jpg,0,0,0,0
009233.jpg,256,126,327,197
009234.jpg,0,0,0,0
009235.jpg,139,56,345,262
009236.jpg,0,0,0,0
009237.jpg,0,0,0,0
009238.jpg,0,0,0,0
009239.jpg,0,0,0,0
009240.jpg,0,0,0,0
009241.jpg,0,0,0,0
009242.jpg,0,0,0,0
009243.jpg,0,0,0,0
009244.jpg,0,0,0,0
009245.jpg,0,0,0,0
009246.jpg,0,0,0,0
009247.jpg,0,0,0,0
009248.jpg,0,0,0,0
009249.jpg,0,0,0,0
009250.jpg,0,0,0,0
009251.jpg,0,0,0,0
009252.jpg,0,0,0,0
009253.jpg,0,0,0,0
009254.jpg,0,0,0,0
009255.jpg,0,0,0,0
009256.jpg,0,0,0,0
009257.jpg,0,0,0,0
009258.jpg,0,0,0,0
009259.jpg,0,0,0,0
009260.jpg,236,284,308,356
009261.jpg,0,0,0,0
009262.jpg,0,0,0,0
009263.jpg,0,0,0,0
009264.jpg,0,0,0,0
009265.jpg,0,0,0,0
009266.jpg,0,0,0,0
009267.jpg,0,0,0,0
009268.jpg,0,0,0,0
009269.jpg,0,0,0,0
009270.jpg,0,0,0,0
009271.jpg,0,0,0,0
009272.jpg,0,0,0,0
009273.jpg,0,0,0,0
009274.jpg,0,0,0,0
009275.jpg,314,88,472,246
009276.jpg,98,71,214,187
009277.jpg,0,0,0,0
009278.jpg,0,0,0,0
009279.jpg,0,0,0,0
009280.jpg,0,0,0,0
009281.jpg,0,0,0,0
009282.jpg,0,0,0,0
009283.jpg,69,171,164,266
009284.jpg,0,0,0,0
009285.jpg,0,0,0,0
009286.jpg,0,0,0,0
009287.jpg,475,249,516,290
009288.jpg,0,0,0,0
009289.jpg,0,0,0,0
009290.jpg,323,65,539,281
009291.jpg,0,0,0,0
009292.jpg,0,0,0,0
009293.jpg,0,0,0,0
009294.jpg,0,0,0,0
009295.jpg,0,0,0,0
009296.jpg,0,0,0,0
009297.jpg,0,0,0,0
009298.jpg,336,88,536,288
009299.jpg,0,0,0,0
009300.jpg,0,0,0,0
009301.jpg,0,0,0,0
009302.jpg,343,120,400,177
009303.jpg,0,0,0,0
009304.jpg,0,0,0,0
009305.jpg,0,0,0,0
009306.jpg,0,0,0,0
009307.jpg,0,0,0,0
009308.jpg,0,0,0,0
009309.jpg,0,0,0,0
009310.jpg,0,0,0,0
009311.jpg,0,0,0,0
009312.jpg,0,0,0,0
009313.jpg,0,0,0,0
009314.jpg,0,0,0,0
009315.jpg,0,0,0,0
009316.jpg,0,0,0,0
009317.jpg,0,0,0,0
009318.jpg,0,0,0,0
009319.jpg,0,0,0,0
009320.jpg,0,0,0,0
009321.jpg,0,0,0,0
009322.jpg,0,0,0,0
009323.jpg,0,0,0,0
009324.jpg,0,0,0,0
009325.jpg,0,0,0,0
009326.jpg,0,0,0,0
009327.jpg,0,0,0,0
009328.jpg,0,0,0,0
009329.jpg,0,0,0,0
009330.jpg,0,0,0,0
009331.jpg,0,0,0,0
009332.jpg,0,0,0,0
009333.jpg,0,0,0,0
009334.jpg,0,0,0,0
009335.jpg,0,0,0,0
009336.jpg,0,0,0,0
009337.jpg,0,0,0,0
009338.jpg,0,0,0,0
009339.jpg,0,0,0,0
009340.jpg,0,0,0,0
009341.jpg,378,152,561,335
009342.jpg,0,0,0,0
009343.jpg,0,0,0,0
009344.jpg,0,0,0,0
009345.jpg,0,0,0,0
009346.jpg,0,0,0,0
009347.jpg,0,0,0,0
009348.jpg,319,146,507,334
009349.jpg,612,105,661,154
009350.jpg,0,0,0,0
009351.jpg,0,0,0,0
009352.jpg,0,0,0,0
009353.jpg,0,0,0,0
009354.jpg,0,0,0,0
009355.jpg,0,0,0,0
009356.jpg,0,0,0,0
009357.jpg,0,0,0,0
009358.jpg,0,0,0,0
009359.jpg,0,0,0,0
009360.jpg,0,0,0,0
009361.jpg,0,0,0,0
009362.jpg,0,0,0,0
009363.jpg,0,0,0,0
009364.jpg,0,0,0,0
009365.jpg,453,221,621,389
009366.jpg,0,0,0,0
009367.jpg,0,0,0,0
009368.jpg,0,0,0,0
009369.jpg,0,0,0,0
009370.jpg,0,0,0,0
009371.jpg,0,0,0,0
009372.jpg,0,0,0,0
009373.jpg,0,0,0,0
009374.jpg,0,0,0,0
009375.jpg,0,0,0,0
009376.jpg,0,0,0,0
009377.jpg,0,0,0,0
009378.jpg,0,0,0,0
009379.jpg,179,146,273,240
009380.jpg,0,0,0,0
009381.jpg,0,0,0,0
009382.jpg,0,0,0,0
009383.jpg,0,0,0,0
009384.jpg,0,0,0,0
009385.jpg,0,0,0,0
009386.jpg,0,0,0,0
009387.jpg,0,0,0,0
009388.jpg,0,0,0,0
009389.jpg,0,0,0,0
009390.jpg,0,0,0,0
009391.jpg,0,0,0,0
009392.jpg,0,0,0,0
009393.jpg,0,0,0,0
009394.jpg,0,0,0,0
009395.jpg,0,0,0,0
009396.jpg,0,0,0,0
009397.jpg,0,0,0,0
009398.jpg,0,0,0,0
009399.jpg,158,110,249,201
009400.jpg,0,0,0,0
009401.jpg,0,0,0,0
009402.jpg,0,0,0,0
009403.jpg,0,0,0,0
009404.jpg,0,0,0,0
009405.jpg,0,0,0,0
009406.jpg,265,79,472,286
009407.jpg,0,0,0,0
009408.jpg,0,0,0,0
009409.jpg,0,0,0,0
009410.jpg,0,0,0,0
009411.jpg,0,0,0,0
009412.jpg,0,0,0,0
009413.jpg,0,0,0,0
009414.jpg,238,76,523,361
009415.jpg,0,0,0,0
009416.jpg,0,0,0,0
009417.jpg,0,0,0,0
009418.jpg,0,0,0,0
009419.jpg,0,0,0,0
009420.jpg,0,0,0,0
009421.jpg,0,0,0,0
009422.jpg,84,178,161,255
009423.jpg,0,0,0,0
009424.jpg,0,0,0,0
009425.jpg,0,0,0,0
009426.jpg,361,240,478,357
009427.jpg,0,0,0,0
009428.jpg,0,0,0,0
009429.jpg,0,0,0,0
009430.jpg,0,0,0,0
009431.jpg,0,0,0,0
009432.jpg,0,0,0,0
009433.jpg,0,0,0,0
009434.jpg,0,0,0,0
009435.jpg,0,0,0,0
009436.jpg,0,0,0,0
009437.jpg,0,0,0,0
009438.jpg,193,168,460,435
009439.jpg,0,0,0,0
009440.jpg,0,0,0,0
009441.jpg,0,0,0,0
009442.jpg,0,0,0,0
009443.jpg,0,0,0,0
009444.jpg,0,0,0,0
009445.jpg,0,0,0,0
009446.jpg,331,61,525,255
009447.jpg,0,0,0,0
009448.jpg,0,0,0,0
009449.jpg,135,125,292,282
009450.jpg,0,0,0,0
009451.jpg,0,0,0,0
009452.jpg,0,0,0,0
009453.jpg,0,0,0,0
009454.jpg,0,0,0,0
009455.jpg,0,0,0,0
009456.jpg,0,0,0,0
009457.jpg,0,0,0,0
009458.jpg,0,0,0,0
009459.jpg,0,0,0,0
009460.jpg,0,0,0,0
009461.jpg,0,0,0,0
009462.jpg,0,0,0,0
009463.jpg,0,0,0,0
009464.jpg,0,0,0,0
009465.jpg,0,0,0,0
009466.jpg,0,0,0,0
009467.jpg,0,0,0,0
009468.jpg,0,0,0,0
009469.jpg,0,0,0,0
009470.jpg,0,0,0,0
009471.jpg,0,0,0,0
009472.jpg,0,0,0,0
009473.jpg,0,0,0,0
009474.jpg,0,0,0,0
009475.jpg,0,0,0,0
009476.jpg,0,0,0,0
009477.jpg,276,91,338,153
009478.jpg,0,0,0,0
009479.jpg,0,0,0,0
009480.jpg,0,0,0,0
009481.jpg,0,0,0,0
009482.jpg,0,0,0,0
009483.jpg,0,0,0,0
009484.jpg,0,0,0,0
009485.jpg,0,0,0,0
009486.jpg,0,0,0,0
009487.jpg,0,0,0,0
009488.jpg,0,0,0,0
009489.jpg,0,0,0,0
009490.jpg,0,0,0,0
009491.jpg,0,0,0,0
009492.jpg,0,0,0,0
009493.jpg,457,111,697,351
009494.jpg,0,0,0,0
009495.jpg,0,0,0,0
009496.jpg,0,0,0,0
009497.jpg,0,0,0,0
009498.jpg,0,0,0,0
009499.jpg,0,0,0,0
009500.jpg,265,128,301,164
009501.jpg,0,0,0,0
009502.jpg,0,0,0,0
009503.jpg,0,0,0,0
009504.jpg,0,0,0,0
009505.jpg,0,0,0,0
009506.jpg,0,0,0,0
009507.jpg,0,0,0,0
009508.jpg,0,0,0,0
009509.jpg,0,0,0,0
009510.jpg,206,37,621,452
009511.jpg,0,0,0,0
009512.jpg,0,0,0,0
009513.jpg,0,0,0,0
009514.jpg,0,0,0,0
009515.jpg,0,0,0,0
009516.jpg,0,0,0,0
009517.jpg,0,0,0,0
009518.jpg,0,0,0,0
009519.jpg,0,0,0,0
009520.jpg,0,0,0,0
009521.jpg,0,0,0,0
009522.jpg,0,0,0,0
009523.jpg,0,0,0,0
009524.jpg,0,0,0,0
009525.jpg,0,0,0,0
009526.jpg,0,0,0,0
009527.jpg,0,0,0,0
009528.jpg,0,0,0,0
009529.jpg,0,0,0,0
009530.jpg,0,0,0,0
009531.jpg,0,0,0,0
009532.jpg,0,0,0,0
009533.jpg,0,0,0,0
009534.jpg,0,0,0,0
009535.jpg,0,0,0,0
009536.jpg,0,0,0,0
009537.jpg,28,225,145,342
009538.jpg,0,0,0,0
009539.jpg,0,0,0,0
009540.jpg,0,0,0,0
009541.jpg,264,72,344,152
009542.jpg,646,98,736,188
009543.jpg,0,0,0,0
009544.jpg,0,0,0,0
009545.jpg,0,0,0,0
009546.jpg,0,0,0,0
009547.jpg,0,0,0,0
009548.jpg,119,67,419,367
009549.jpg,0,0,0,0
009550.jpg,0,0,0,0
009551.jpg,0,0,0,0
009552.jpg,0,0,0,0
009553.jpg,0,0,0,0
009554.jpg,0,0,0,0
009555.jpg,0,0,0,0
009556.jpg,0,0,0,0
009557.jpg,0,0,0,0
009558.jpg,0,0,0,0
009559.jpg,0,0,0,0
009560.jpg,0,0,0,0
009561.jpg,0,0,0,0
009562.jpg,0,0,0,0
009563.jpg,0,0,0,0
009564.jpg,0,0,0,0
009565.jpg,0,0,0,0
009566.jpg,0,0,0,0
009567.jpg,0,0,0,0
009568.jpg,0,0,0,0
009569.jpg,265,138,360,233
009570.jpg,617,102,713,198
009571.jpg,0,0,0,0
009572.jpg,0,0,0,0
009573.jpg,0,0,0,0
009574.jpg,0,0,0,0
009575.jpg,0,0,0,0
009576.jpg,0,0,0,0
009577.jpg,0,0,0,0
009578.jpg,0,0,0,0
009579.jpg,0,0,0,0
009580.jpg,0,0,0,0
009581.jpg,0,0,0,0
009582.jpg,0,0,0,0
009583.jpg,105,231,199,325
009584.jpg,0,0,0,0
009585.jpg,0,0,0,0
009586.jpg,0,0,0,0
009587.jpg,0,0,0,0
009588.jpg,0,0,0,0
009589.jpg,0,0,0,0
009590.jpg,0,0,0,0
009591.jpg,0,0,0,0
009592.jpg,0,0,0,0
009593.jpg,0,0,0,0
009594.jpg,0,0,0,0
009595.jpg,0,0,0,0
009596.jpg,0,0,0,0
009597.jpg,0,0,0,0
009598.jpg,0,0,0,0
009599.jpg,0,0,0,0
009600.jpg,0,0,0,0
009601.jpg,0,0,0,0
009602.jpg,0,0,0,0
009603.jpg,0,0,0,0
009604.jpg,0,0,0,0
009605.jpg,0,0,0,0
009606.jpg,83,44,152,113
009607.jpg,0,0,0,0
009608.jpg,0,0,0,0
009609.jpg,0,0,0,0
009610.jpg,0,0,0,0
009611.jpg,0,0,0,0
009612.jpg,0,0,0,0
009613.jpg,0,0,0,0
009614.jpg,171,86,496,411
009615.jpg,0,0,0,0
009616.jpg,0,0,0,0
009617.jpg,0,0,0,0
009618.jpg,0,0,0,0
009619.jpg,0,0,0,0
009620.jpg,0,0,0,0
009621.jpg,0,0,0,0
009622.jpg,0,0,0,0
009623.jpg,0,0,0,0
009624.jpg,0,0,0,0
009625.jpg,0,0,0,0
009626.jpg,0,0,0,0
009627.jpg,0,0,0,0
009628.jpg,0,0,0,0
009629.jpg,0,0,0,0
009630.jpg,0,0,0,0
009631.jpg,0,0,0,0
009632.jpg,0,0,0,0
009633.jpg,0,0,0,0
009634.jpg,397,224,455,282
009635.jpg,0,0,0,0
009636.jpg,85,58,312,285
009637.jpg,0,0,0,0
009638.jpg,0,0,0,0
009639.jpg,0,0,0,0
009640.jpg,0,0,0,0
009641.jpg,0,0,0,0
009642.jpg,209,38,348,177
009643.jpg,0,0,0,0
009644.jpg,550,230,648,328
009645.jpg,0,0,0,0
009646.jpg,0,0,0,0
009647.jpg,0,0,0,0
009648.jpg,0,0,0,0
009649.jpg,98,300,157,359
009650.jpg,321,172,577,428
009651.jpg,0,0,0,0
009652.jpg,0,0,0,0
009653.jpg,0,0,0,0
009654.jpg,0,0,0,0
009655.jpg,318,184,347,213
009656.jpg,0,0,0,0
009657.jpg,76,56,137,117
009658.jpg,39,305,115,381
009659.jpg,0,0,0,0
009660.jpg,0,0,0,0
009661.jpg,380,64,547,231
009662.jpg,0,0,0,0
009663.jpg,0,0,0,0
009664.jpg,0,0,0,0
009665.jpg,0,0,0,0
009666.jpg,0,0,0,0
009667.jpg,0,0,0,0
009668.jpg,0,0,0,0
009669.jpg,0,0,0,0
009670.jpg,0,0,0,0
009671.jpg,0,0,0,0
009672.jpg,0,0,0,0
009673.jpg,421,38,603,220
009674.jpg,327,37,403,113
009675.jpg,0,0,0,0
009676.jpg,0,0,0,0
009677.jpg,0,0,0,0
009678.jpg,0,0,0,0
009679.jpg,260,68,338,146
009680.jpg,0,0,0,0
009681.jpg,0,0,0,0
009682.jpg,0,0,0,0
009683.jpg,0,0,0,0
009684.jpg,0,0,0,0
009685.jpg,0,0,0,0
009686.jpg,0,0,0,0
009687.jpg,0,0,0,0
009688.jpg,0,0,0,0
009689.jpg,0,0,0,0
009690.jpg,0,0,0,0
009691.jpg,0,0,0,0
009692.jpg,0,0,0,0
009693.jpg,0,0,0,0
009694.jpg,318,103,606,391
009695.jpg,0,0,0,0
009696.jpg,0,0,0,0
009697.jpg,36,17,159,140
009698.jpg,0,0,0,0
009699.jpg,283,41,469,227
009700.jpg,0,0,0,0
009701.jpg,189,50,271,132
009702.jpg,0,0,0,0
009703.jpg,0,0,0,0
009704.jpg,0,0,0,0
009705.jpg,0,0,0,0
009706.jpg,0,0,0,0
009707.jpg,130,101,493,464
009708.jpg,0,0,0,0
009709.jpg,354,108,496,250
009710.jpg,0,0,0,0
009711.jpg,0,0,0,0
009712.jpg,0,0,0,0
009713.jpg,0,0,0,0
009714.jpg,0,0,0,0
009715.jpg,0,0,0,0
009716.jpg,0,0,0,0
009717.jpg,0,0,0,0
009718.jpg,0,0,0,0
009719.jpg,0,0,0,0
009720.jpg,0,0,0,0
009721.jpg,0,0,0,0
009722.jpg,0,0,0,0
009723.jpg,0,0,0,0
009724.jpg,53,210,283,440
009725.jpg,0,0,0,0
009726.jpg,0,0,0,0
009727.jpg,0,0,0,0
009728.jpg,0,0,0,0
009729.jpg,0,0,0,0
009730.jpg,0,0,0,0
009731.jpg,0,0,0,0
009732.jpg,0,0,0,0
009733.jpg,0,0,0,0
009734.jpg,0,0,0,0
009735.jpg,0,0,0,0
009736.jpg,0,0,0,0
009737.jpg,331,185,406,260
009738.jpg,0,0,0,0
009739.jpg,0,0,0,0
009740.jpg,0,0,0,0
009741.jpg,0,0,0,0
009742.jpg,0,0,0,0
009743.jpg,0,0,0,0
009744.jpg,0,0,0,0
009745.jpg,0,0,0,0
009746.jpg,0,0,0,0
009747.jpg,0,0,0,0
009748.jpg,0,0,0,0
009749.jpg,0,0,0,0
009750.jpg,0,0,0,0
009751.jpg,0,0,0,0
009752.jpg,0,0,0,0
009753.jpg,0,0,0,0
009754.jpg,0,0,0,0
009755.jpg,0,0,0,0
009756.jpg,0,0,0,0
009757.jpg,0,0,0,0
009758.jpg,0,0,0,0
009759.jpg,0,0,0,0
009760.jpg,0,0,0,0
009761.jpg,0,0,0,0
009762.jpg,0,0,0,0
009763.jpg,0,0,0,0
009764.jpg,184,211,333,360
009765.jpg,237,4,382,149
009766.jpg,0,0,0,0
009767.jpg,0,0,0,0
009768.jpg,0,0,0,0
009769.jpg,0,0,0,0
009770.jpg,0,0,0,0
009771.jpg,0,0,0,0
009772.jpg,185,336,276,427
009773.jpg,0,0,0,0
009774.jpg,0,0,0,0
009775.jpg,0,0,0,0
009776.jpg,0,0,0,0
009777.jpg,0,0,0,0
009778.jpg,0,0,0,0
009779.jpg,0,0,0,0
009780.jpg,0,0,0,0
009781.jpg,0,0,0,0
009782.jpg,0,0,0,0
009783.jpg,0,0,0,0
009784.jpg,506,372,582,448
009785.jpg,0,0,0,0
009786.jpg,0,0,0,0
009787.jpg,0,0,0,0
009788.jpg,0,0,0,0
009789.jpg,0,0,0,0
009790.jpg,0,0,0,0
009791.jpg,0,0,0,0
009792.jpg,0,0,0,0
009793.jpg,0,0,0,0
009794.jpg,0,0,0,0
009795.jpg,0,0,0,0
009796.jpg,0,0,0,0
009797.jpg,0,0,0,0
009798.jpg,383,132,640,389
009799.jpg,0,0,0,0
009800.jpg,0,0,0,0
009801.jpg,0,0,0,0
009802.jpg,0,0,0,0
009803.jpg,202,31,456,285
009804.jpg,0,0,0,0
009805.jpg,0,0,0,0
009806.jpg,0,0,0,0
009807.jpg,0,0,0,0
009808.jpg,0,0,0,0
009809.jpg,0,0,0,0
009810.jpg,0,0,0,0
009811.jpg,0,0,0,0
009812.jpg,0,0,0,0
009813.jpg,0,0,0,0
009814.jpg,0,0,0,0
009815.jpg,0,0,0,0
009816.jpg,0,0,0,0
009817.jpg,0,0,0,0
009818.jpg,253,78,653,478
009819.jpg,0,0,0,0
009820.jpg,0,0,0,0
009821.jpg,597,1050,720,1173
009822.jpg,196,175,337,316
009823.jpg,0,0,0,0
009824.jpg,0,0,0,0
009825.jpg,0,0,0,0
009826.jpg,0,0,0,0
009827.jpg,0,0,0,0
009828.jpg,0,0,0,0
009829.jpg,0,0,0,0
009830.jpg,0,0,0,0
009831.jpg,737,239,864,366
009832.jpg,0,0,0,0
009833.jpg,0,0,0,0
009834.jpg,0,0,0,0
009835.jpg,0,0,0,0
009836.jpg,0,0,0,0
009837.jpg,0,0,0,0
009838.jpg,9,321,66,378
009839.jpg,0,0,0,0
009840.jpg,0,0,0,0
009841.jpg,215,121,356,262
009842.jpg,0,0,0,0
009843.jpg,0,0,0,0
009844.jpg,88,121,229,262
009845.jpg,0,0,0,0
009846.jpg,0,0,0,0
009847.jpg,0,0,0,0
009848.jpg,0,0,0,0
009849.jpg,0,0,0,0
009850.jpg,0,0,0,0
009851.jpg,0,0,0,0
009852.jpg,0,0,0,0
009853.jpg,0,0,0,0
009854.jpg,0,0,0,0
009855.jpg,0,0,0,0
009856.jpg,0,0,0,0
009857.jpg,0,0,0,0
009858.jpg,271,138,458,325
009859.jpg,0,0,0,0
009860.jpg,0,0,0,0
009861.jpg,595,234,731,370
009862.jpg,0,0,0,0
009863.jpg,0,0,0,0
009864.jpg,0,0,0,0
009865.jpg,0,0,0,0
009866.jpg,0,0,0,0
009867.jpg,0,0,0,0
009868.jpg,0,0,0,0
009869.jpg,0,0,0,0
009870.jpg,0,0,0,0
009871.jpg,0,0,0,0
009872.jpg,0,0,0,0
009873.jpg,0,0,0,0
009874.jpg,0,0,0,0
009875.jpg,0,0,0,0
009876.jpg,0,0,0,0
009877.jpg,501,165,554,218
009878.jpg,0,0,0,0
009879.jpg,0,0,0,0
009880.jpg,335,148,435,248
009881.jpg,418,52,821,455
009882.jpg,0,0,0,0
009883.jpg,0,0,0,0
009884.jpg,164,94,360,290
009885.jpg,0,0,0,0
009886.jpg,0,0,0,0
009887.jpg,251,137,441,327
009888.jpg,0,0,0,0
009889.jpg,0,0,0,0
009890.jpg,0,0,0,0
009891.jpg,0,0,0,0
009892.jpg,0,0,0,0
009893.jpg,0,0,0,0
009894.jpg,309,170,553,414
009895.jpg,0,0,0,0
009896.jpg,0,0,0,0
009897.jpg,0,0,0,0
009898.jpg,0,0,0,0
009899.jpg,402,107,737,442
009900.jpg,213,370,311,468
009901.jpg,399,338,452,391
009902.jpg,0,0,0,0
009903.jpg,0,0,0,0
009904.jpg,0,0,0,0
009905.jpg,0,0,0,0
009906.jpg,85,266,181,362
009907.jpg,0,0,0,0
009908.jpg,0,0,0,0
009909.jpg,119,366,209,456
009910.jpg,0,0,0,0
009911.jpg,0,0,0,0
009912.jpg,0,0,0,0
009913.jpg,0,0,0,0
009914.jpg,0,0,0,0
009915.jpg,0,0,0,0
009916.jpg,0,0,0,0
009917.jpg,0,0,0,0
009918.jpg,0,0,0,0
009919.jpg,0,0,0,0
009920.jpg,0,0,0,0
009921.jpg,0,0,0,0
009922.jpg,0,0,0,0
009923.jpg,0,0,0,0
009924.jpg,0,0,0,0
009925.jpg,0,0,0,0
009926.jpg,0,0,0,0
009927.jpg,15,37,96,118
009928.jpg,693,756,839,902
009929.jpg,0,0,0,0
009930.jpg,0,0,0,0
009931.jpg,0,0,0,0
009932.jpg,0,0,0,0
009933.jpg,0,0,0,0
009934.jpg,0,0,0,0
009935.jpg,370,202,448,280
009936.jpg,0,0,0,0
009937.jpg,0,0,0,0
009938.jpg,225,143,472,390
009939.jpg,207,53,526,372
009940.jpg,0,0,0,0
009941.jpg,0,0,0,0
009942.jpg,0,0,0,0
009943.jpg,0,0,0,0
009944.jpg,0,0,0,0
009945.jpg,0,0,0,0
009946.jpg,0,0,0,0
009947.jpg,0,0,0,0
009948.jpg,0,0,0,0
009949.jpg,0,0,0,0
009950.jpg,0,0,0,0
009951.jpg,0,0,0,0
009952.jpg,0,0,0,0
009953.jpg,408,94,462,148
009954.jpg,0,0,0,0
009955.jpg,262,267,403,408
009956.jpg,0,0,0,0
009957.jpg,0,0,0,0
009958.jpg,0,0,0,0
009959.jpg,0,0,0,0
009960.jpg,0,0,0,0
009961.jpg,0,0,0,0
009962.jpg,0,0,0,0
009963.jpg,0,0,0,0
009964.jpg,0,0,0,0
009965.jpg,0,0,0,0
009966.jpg,0,0,0,0
009967.jpg,0,0,0,0
009968.jpg,0,0,0,0
009969.jpg,0,0,0,0
009970.jpg,0,0,0,0
009971.jpg,0,0,0,0
009972.jpg,0,0,0,0
009973.jpg,0,0,0,0
009974.jpg,0,0,0,0
009975.jpg,0,0,0,0
009976.jpg,0,0,0,0
009977.jpg,0,0,0,0
009978.jpg,0,0,0,0
009979.jpg,0,0,0,0
009980.jpg,0,0,0,0
009981.jpg,554,291,615,352
009982.jpg,0,0,0,0
009983.jpg,0,0,0,0
009984.jpg,0,0,0,0
009985.jpg,0,0,0,0
009986.jpg,0,0,0,0
009987.jpg,0,0,0,0
009988.jpg,0,0,0,0
009989.jpg,0,0,0,0
009990.jpg,0,0,0,0
009991.jpg,507,66,744,303
009992.jpg,0,0,0,0
009993.jpg,0,0,0,0
009994.jpg,0,0,0,0
009995.jpg,0,0,0,0
009996.jpg,0,0,0,0
009997.jpg,400,112,556,268
009998.jpg,0,0,0,0
009999.jpg,441,84,575,218
010000.jpg,0,0,0,0
